FANN_FLO_2.1
num_layers=3
learning_rate=0.700000
connection_rate=1.000000
network_type=0
learning_momentum=0.000000
training_algorithm=2
train_error_function=0
train_stop_function=0
cascade_output_change_fraction=0.010000
quickprop_decay=-0.000100
quickprop_mu=1.750000
rprop_increase_factor=1.200000
rprop_decrease_factor=0.500000
rprop_delta_min=0.000000
rprop_delta_max=50.000000
rprop_delta_zero=0.100000
cascade_output_stagnation_epochs=12
cascade_candidate_change_fraction=0.010000
cascade_candidate_stagnation_epochs=12
cascade_max_out_epochs=150
cascade_min_out_epochs=50
cascade_max_cand_epochs=150
cascade_min_cand_epochs=50
cascade_num_candidate_groups=2
bit_fail_limit=3.49999994039535520000e-001
cascade_candidate_limit=1.00000000000000000000e+003
cascade_weight_multiplier=4.00000005960464480000e-001
cascade_activation_functions_count=10
cascade_activation_functions=3 5 7 8 10 11 14 15 16 17 
cascade_activation_steepnesses_count=4
cascade_activation_steepnesses=2.50000000000000000000e-001 5.00000000000000000000e-001 7.50000000000000000000e-001 1.00000000000000000000e+000 
layer_sizes=8 8 2 
scale_included=0
neurons (num_inputs, activation_function, activation_steepness)=(0, 0, 0.00000000000000000000e+000) (0, 0, 0.00000000000000000000e+000) (0, 0, 0.00000000000000000000e+000) (0, 0, 0.00000000000000000000e+000) (0, 0, 0.00000000000000000000e+000) (0, 0, 0.00000000000000000000e+000) (0, 0, 0.00000000000000000000e+000) (0, 0, 0.00000000000000000000e+000) (8, 5, 5.00000000000000000000e-001) (8, 5, 5.00000000000000000000e-001) (8, 5, 5.00000000000000000000e-001) (8, 5, 5.00000000000000000000e-001) (8, 5, 5.00000000000000000000e-001) (8, 5, 5.00000000000000000000e-001) (8, 5, 5.00000000000000000000e-001) (0, 5, 5.00000000000000000000e-001) (8, 5, 5.00000000000000000000e-001) (0, 5, 5.00000000000000000000e-001) 
connections (connected_to_neuron, weight)=(0, -5.54410781860351560000e+001) (1, 1.33435501098632810000e+002) (2, -2.23866486549377440000e+000) (3, 9.47559051513671880000e+001) (4, -6.59651641845703130000e+001) (5, -8.90565395355224610000e+000) (6, 6.53947906494140620000e+001) (7, -2.56937332153320310000e+001) (0, -1.03774741291999820000e-001) (1, -7.63605117797851560000e+000) (2, -6.51223945617675780000e+000) (3, 3.78094744682312010000e+000) (4, -8.07668304443359380000e+000) (5, -6.56394004821777340000e+000) (6, 6.27301549911499020000e+000) (7, 8.81588363647460940000e+000) (0, 1.50000000000000000000e+003) (1, -1.22522041320800780000e+002) (2, 3.00807342529296870000e+002) (3, -8.35130371093750000000e+002) (4, -1.50000000000000000000e+003) (5, 1.62260910034179690000e+002) (6, 3.59625488281250000000e+002) (7, -3.80179992675781250000e+002) (0, 1.45417137145996090000e+001) (1, -6.76954421997070310000e+001) (2, -2.55682792663574220000e+001) (3, -1.77055034637451170000e+001) (4, -2.80659057617187500000e+002) (5, 1.81031417846679690000e+002) (6, 2.45102672576904300000e+001) (7, 1.73261657714843750000e+002) (0, 5.97835350036621090000e+000) (1, 2.04268217086791990000e+000) (2, -6.66607856750488280000e+000) (3, 5.86182951927185060000e-001) (4, -2.07262277603149410000e+000) (5, 1.07633352279663090000e+000) (6, 9.36891078948974610000e+000) (7, -1.29772005081176760000e+001) (0, -2.76611375808715820000e+000) (1, 3.42907123267650600000e-002) (2, 4.18220132589340210000e-001) (3, 1.57647740840911870000e+000) (4, -1.09062135219573970000e+000) (5, -4.32312917709350590000e+000) (6, 3.67689490318298340000e+000) (7, -9.22637641429901120000e-001) (0, -2.17507600784301760000e+000) (1, -2.29148197174072270000e+000) (2, -2.73872256278991700000e+000) (3, 1.57701647281646730000e+000) (4, -4.39802980422973630000e+000) (5, -5.25522375106811520000e+000) (6, 4.12376356124877930000e+000) (7, 4.38761329650878910000e+000) (8, -8.29058408737182620000e-001) (9, -6.36766624450683590000e+000) (10, 1.23033547401428220000e+000) (11, -1.17246353626251220000e+000) (12, -3.85596942901611330000e+000) (13, -1.04588422775268550000e+001) (14, 1.47382707595825200000e+001) (15, -3.00690579414367680000e+000) 
