FANN_FLO_2.1
num_layers=12
learning_rate=0.700000
connection_rate=1.000000
network_type=1
learning_momentum=0.000000
training_algorithm=2
train_error_function=0
train_stop_function=0
cascade_output_change_fraction=0.010000
quickprop_decay=-0.000100
quickprop_mu=1.750000
rprop_increase_factor=1.200000
rprop_decrease_factor=0.500000
rprop_delta_min=0.000000
rprop_delta_max=50.000000
rprop_delta_zero=0.100000
cascade_output_stagnation_epochs=12
cascade_candidate_change_fraction=0.010000
cascade_candidate_stagnation_epochs=12
cascade_max_out_epochs=150
cascade_min_out_epochs=50
cascade_max_cand_epochs=150
cascade_min_cand_epochs=50
cascade_num_candidate_groups=2
bit_fail_limit=3.49999994039535520000e-001
cascade_candidate_limit=1.00000000000000000000e+003
cascade_weight_multiplier=4.00000005960464480000e-001
cascade_activation_functions_count=10
cascade_activation_functions=3 5 7 8 10 11 14 15 16 17 
cascade_activation_steepnesses_count=4
cascade_activation_steepnesses=2.50000000000000000000e-001 5.00000000000000000000e-001 7.50000000000000000000e-001 1.00000000000000000000e+000 
layer_sizes=8 1 1 1 1 1 1 1 1 1 1 1 
scale_included=0
neurons (num_inputs, activation_function, activation_steepness)=(0, 0, 0.00000000000000000000e+000) (0, 0, 0.00000000000000000000e+000) (0, 0, 0.00000000000000000000e+000) (0, 0, 0.00000000000000000000e+000) (0, 0, 0.00000000000000000000e+000) (0, 0, 0.00000000000000000000e+000) (0, 0, 0.00000000000000000000e+000) (0, 0, 0.00000000000000000000e+000) (8, 15, 1.00000000000000000000e+000) (9, 7, 7.50000000000000000000e-001) (10, 14, 1.00000000000000000000e+000) (11, 15, 2.50000000000000000000e-001) (12, 15, 7.50000000000000000000e-001) (13, 15, 1.00000000000000000000e+000) (14, 15, 7.50000000000000000000e-001) (15, 14, 1.00000000000000000000e+000) (16, 14, 1.00000000000000000000e+000) (17, 14, 7.50000000000000000000e-001) (18, 5, 5.00000000000000000000e-001) 
connections (connected_to_neuron, weight)=(0, 1.80240368843078610000e+000) (1, 4.44251894950866700000e-001) (2, -1.32025349140167240000e+000) (3, 8.63830506801605220000e-001) (4, 1.65324044227600100000e+000) (5, -8.97578179836273190000e-001) (6, 5.39451551437377930000e+000) (7, 5.63078701496124270000e-001) (0, 8.49918544292449950000e-001) (1, 7.09888756275177000000e-001) (2, 1.13938760757446290000e+000) (3, 1.03418242931365970000e+000) (4, 3.23451280593872070000e+000) (5, 3.72182536125183110000e+000) (6, 1.62064754962921140000e+000) (7, 1.42108094692230220000e+000) (8, 7.06522345542907710000e-001) (0, 1.60206937789916990000e+000) (1, 9.39487397670745850000e-001) (2, -4.16937351226806640000e+000) (3, 1.99269294738769530000e+000) (4, 8.14073276519775390000e+000) (5, -2.71212315559387210000e+000) (6, 1.94217526912689210000e+000) (7, 1.76311564445495610000e+000) (8, 3.53479051589965820000e+000) (9, -1.09630460739135740000e+001) (0, 2.53368449211120610000e+000) (1, 2.41823768615722660000e+001) (2, 1.92787706851959230000e+000) (3, 3.42879271507263180000e+000) (4, -1.10026788711547850000e+001) (5, -1.80759983062744140000e+001) (6, -9.58715629577636720000e+000) (7, 1.11105556488037110000e+001) (8, -1.18661346435546880000e+001) (9, -4.99868736267089840000e+001) (10, 1.62452945709228520000e+001) (0, 1.09109783172607420000e+000) (1, -8.41429710388183590000e+000) (2, 1.87985599040985110000e+000) (3, 2.54919958114624020000e+000) (4, -6.92843079566955570000e-001) (5, 4.22178477048873900000e-001) (6, 2.79839324951171870000e+000) (7, 5.62007045745849610000e+000) (8, 5.24159336090087890000e+000) (9, -2.77330188751220700000e+001) (10, 4.77803277969360350000e+000) (11, 3.89068633317947390000e-001) (0, 7.80296754837036130000e+000) (1, -2.24065709114074710000e+000) (2, 7.88934051990509030000e-001) (3, 5.09856319427490230000e+000) (4, 6.36370086669921870000e+000) (5, -4.33880150318145750000e-001) (6, -4.37012672424316410000e+000) (7, -7.22333550453186040000e-001) (8, -1.84964013099670410000e+000) (9, 1.80282020568847660000e+000) (10, 3.43224495649337770000e-001) (11, 1.54169988632202150000e+000) (12, 8.82793009281158450000e-001) (0, 2.76967430114746090000e+000) (1, -1.46475747227668760000e-001) (2, 9.04851555824279790000e-001) (3, 8.12484443187713620000e-001) (4, 1.38865566253662110000e+000) (5, 3.01775121688842770000e+000) (6, 2.87312340736389160000e+000) (7, 2.13766121864318850000e+000) (8, 4.25153732299804690000e+000) (9, 8.12308669090271000000e-001) (10, -1.81854641437530520000e+000) (11, 3.11675953865051270000e+000) (12, 4.42548656463623050000e+000) (13, 3.83552861213684080000e+000) (0, 1.89293348789215090000e+000) (1, -1.20052742958068850000e+000) (2, 2.01551222801208500000e+000) (3, 2.87586998939514160000e+000) (4, 3.52120304107666020000e+000) (5, 2.40590214729309080000e+000) (6, 5.53459215164184570000e+000) (7, -2.55139899253845210000e+000) (8, 9.89746153354644780000e-001) (9, 4.22850704193115230000e+000) (10, -2.21370935440063480000e+000) (11, 2.16596031188964840000e+000) (12, 8.46196830272674560000e-001) (13, 4.72696971893310550000e+000) (14, -3.94157022237777710000e-002) (0, 2.28211116790771480000e+000) (1, 3.06159043312072750000e+000) (2, 3.25250864028930660000e-001) (3, 1.14570856094360350000e+000) (4, 3.48519873619079590000e+000) (5, 5.39663648605346680000e+000) (6, 1.67501723766326900000e+000) (7, -2.85666298866271970000e+000) (8, 2.73792088031768800000e-001) (9, -1.14711093902587890000e+000) (10, 7.65831470489501950000e-001) (11, 4.95834207534790040000e+000) (12, 3.49709570407867430000e-001) (13, 2.23172044754028320000e+000) (14, 3.50005555152893070000e+000) (15, 3.10125231742858890000e+000) (0, 3.31942296028137210000e+000) (1, 3.26228213310241700000e+000) (2, 9.96916830539703370000e-001) (3, 1.95426130294799800000e+000) (4, 3.84493827819824220000e+000) (5, 2.13435792922973630000e+000) (6, 3.34574460983276370000e+000) (7, -2.75680446624755860000e+000) (8, 2.22838521003723140000e+000) (9, -9.32373237609863280000e+000) (10, 3.94918155670166020000e+000) (11, 4.12231349945068360000e+000) (12, 1.74913299083709720000e+000) (13, 3.16028904914855960000e+000) (14, 2.34265327453613280000e+000) (15, 2.10785913467407230000e+000) (16, 7.69071280956268310000e-001) (0, 1.51688802242279050000e+000) (1, -7.78512001037597660000e-001) (2, -4.98510152101516720000e-001) (3, -8.10146868228912350000e-001) (4, 2.76448309421539310000e-001) (5, -7.23292231559753420000e-001) (6, -2.72759008407592770000e+000) (7, 1.96182560920715330000e+000) (8, 7.63015687465667720000e-001) (9, -7.33677959442138670000e+000) (10, 7.65069603919982910000e-001) (11, 6.08300685882568360000e-001) (12, 4.77560311555862430000e-001) (13, 6.82018041610717770000e-001) (14, 6.69663786888122560000e-001) (15, 6.20447158813476560000e-001) (16, -7.19010233879089360000e-001) (17, 6.97451770305633540000e-001) 
