FANN_FLO_2.1
num_layers=12
learning_rate=0.700000
connection_rate=1.000000
network_type=1
learning_momentum=0.000000
training_algorithm=2
train_error_function=0
train_stop_function=0
cascade_output_change_fraction=0.010000
quickprop_decay=-0.000100
quickprop_mu=1.750000
rprop_increase_factor=1.200000
rprop_decrease_factor=0.500000
rprop_delta_min=0.000000
rprop_delta_max=50.000000
rprop_delta_zero=0.100000
cascade_output_stagnation_epochs=12
cascade_candidate_change_fraction=0.010000
cascade_candidate_stagnation_epochs=12
cascade_max_out_epochs=150
cascade_min_out_epochs=50
cascade_max_cand_epochs=150
cascade_min_cand_epochs=50
cascade_num_candidate_groups=2
bit_fail_limit=3.49999994039535520000e-001
cascade_candidate_limit=1.00000000000000000000e+003
cascade_weight_multiplier=4.00000005960464480000e-001
cascade_activation_functions_count=10
cascade_activation_functions=3 5 7 8 10 11 14 15 16 17 
cascade_activation_steepnesses_count=4
cascade_activation_steepnesses=2.50000000000000000000e-001 5.00000000000000000000e-001 7.50000000000000000000e-001 1.00000000000000000000e+000 
layer_sizes=8 1 1 1 1 1 1 1 1 1 1 1 
scale_included=0
neurons (num_inputs, activation_function, activation_steepness)=(0, 0, 0.00000000000000000000e+000) (0, 0, 0.00000000000000000000e+000) (0, 0, 0.00000000000000000000e+000) (0, 0, 0.00000000000000000000e+000) (0, 0, 0.00000000000000000000e+000) (0, 0, 0.00000000000000000000e+000) (0, 0, 0.00000000000000000000e+000) (0, 0, 0.00000000000000000000e+000) (8, 15, 1.00000000000000000000e+000) (9, 15, 5.00000000000000000000e-001) (10, 14, 7.50000000000000000000e-001) (11, 14, 1.00000000000000000000e+000) (12, 14, 5.00000000000000000000e-001) (13, 15, 7.50000000000000000000e-001) (14, 14, 1.00000000000000000000e+000) (15, 14, 5.00000000000000000000e-001) (16, 15, 2.50000000000000000000e-001) (17, 14, 1.00000000000000000000e+000) (18, 5, 5.00000000000000000000e-001) 
connections (connected_to_neuron, weight)=(0, -1.61892044544219970000e+000) (1, 1.14590203762054440000e+000) (2, 3.71482253074646000000e-001) (3, 1.26983559131622310000e+000) (4, 1.51692068576812740000e+000) (5, -1.48062348365783690000e+000) (6, 6.60049819946289060000e+000) (7, -2.28946352005004880000e+000) (0, 1.33040919899940490000e-001) (1, -2.21247458457946780000e+000) (2, -1.16332082748413090000e+001) (3, 1.29888963699340820000e+000) (4, 1.83896601200103760000e+000) (5, 4.68377399444580080000e+000) (6, 6.02904415130615230000e+000) (7, 3.34991765022277830000e+000) (8, 3.56261634826660160000e+000) (0, 5.69233942031860350000e+000) (1, 4.39844799041748050000e+000) (2, -4.63798999786376950000e-001) (3, -2.39701700210571290000e+000) (4, 1.79349136352539060000e+000) (5, 1.92357814311981200000e+000) (6, 4.76249158382415770000e-001) (7, -1.90652990341186520000e+000) (8, 2.27008342742919920000e+000) (9, 2.41401338577270510000e+000) (0, 1.75382995605468750000e+000) (1, 1.38640153408050540000e+000) (2, 3.56616640090942380000e+000) (3, 8.20657134056091310000e-001) (4, 1.35278010368347170000e+000) (5, -1.45279109477996830000e+000) (6, 2.27311539649963380000e+000) (7, -2.62855911254882810000e+000) (8, 1.16311740875244140000e+000) (9, 1.05279242992401120000e+000) (10, 4.82819509506225590000e+000) (0, 9.88415145874023440000e+000) (1, 2.90751600265502930000e+000) (2, 2.48387694358825680000e+000) (3, 3.20600557327270510000e+000) (4, 7.34789276123046870000e+000) (5, -3.09957528114318850000e+000) (6, -5.26517820358276370000e+000) (7, -1.15613006055355070000e-002) (8, 4.74580383300781250000e+000) (9, -7.43061685562133790000e+000) (10, 1.36137247085571290000e+000) (11, 3.84589505195617680000e+000) (0, 4.53160762786865230000e+000) (1, 3.49556756019592290000e+000) (2, 2.05269956588745120000e+000) (3, -8.74417400360107420000e+000) (4, 1.16004180908203130000e+001) (5, -1.64068138599395750000e+000) (6, 2.75493669509887700000e+000) (7, 2.40725827217102050000e+000) (8, 1.49767792224884030000e+000) (9, -1.92648973315954210000e-002) (10, 1.97873461246490480000e+000) (11, 1.34717774391174320000e+000) (12, 3.36074948310852050000e+000) (0, 1.85277497768402100000e+000) (1, 3.99225950241088870000e+000) (2, 1.26973640918731690000e+000) (3, 3.65323126316070560000e-001) (4, 3.58858442306518550000e+000) (5, 2.67999100685119630000e+000) (6, 1.85295379161834720000e+000) (7, -2.69337224960327150000e+000) (8, 1.47428107261657710000e+000) (9, 3.66479396820068360000e-001) (10, -2.78215622901916500000e+000) (11, 2.04208827018737790000e+000) (12, -8.40103864669799800000e-001) (13, -6.31549119949340820000e-001) (0, 1.71054446697235110000e+000) (1, 2.42480278015136720000e+000) (2, -9.50222396850585940000e+000) (3, 4.74574661254882810000e+000) (4, 3.55312514305114750000e+000) (5, -1.35151970386505130000e+000) (6, 5.29208469390869140000e+000) (7, 7.45257377624511720000e+000) (8, 1.00969219207763670000e+000) (9, 4.49842214584350590000e+000) (10, 7.77134037017822270000e+000) (11, 5.20341253280639650000e+000) (12, 2.24317550659179690000e+000) (13, -8.81204032897949220000e+000) (14, -1.14935410022735600000e+000) (0, 9.59762859344482420000e+000) (1, 3.08720612525939940000e+000) (2, -3.07961559295654300000e+000) (3, 1.87666475772857670000e+000) (4, -9.18698406219482420000e+000) (5, 5.26419639587402340000e+000) (6, -8.75996971130371090000e+000) (7, 5.36267995834350590000e+000) (8, 4.03962278366088870000e+000) (9, -6.43060255050659180000e+000) (10, -2.65893161296844480000e-001) (11, 1.36499083042144780000e+000) (12, -9.05216407775878910000e+000) (13, 1.16035211086273190000e+000) (14, 9.84500503540039060000e+000) (15, -9.96831989288330080000e+000) (0, -1.06982040405273440000e+000) (1, 4.11466121673583980000e-001) (2, 1.05429077148437500000e+000) (3, 3.74803495407104490000e+000) (4, 1.22087717056274410000e+000) (5, 1.48532235622406010000e+000) (6, -3.87614786624908450000e-001) (7, -2.58237957954406740000e+000) (8, 3.89812207221984860000e+000) (9, -1.42780435085296630000e+000) (10, 3.76620739698410030000e-001) (11, 2.64319729804992680000e+000) (12, 1.10695886611938480000e+000) (13, 6.37896716594696040000e-001) (14, 3.79643440246582030000e+000) (15, 2.36053371429443360000e+000) (16, 5.12997210025787350000e-001) (0, 1.59451007843017580000e+000) (1, 4.45663928985595700000e-001) (2, -2.27568364143371580000e+000) (3, -1.33686673641204830000e+000) (4, 2.55329817533493040000e-001) (5, -4.22259807586669920000e-001) (6, -2.71999812126159670000e+000) (7, 2.50370407104492190000e+000) (8, -6.74884080886840820000e-001) (9, 4.79650229215621950000e-001) (10, 5.59039950370788570000e-001) (11, 6.45624935626983640000e-001) (12, -4.79063272476196290000e-001) (13, 6.88851058483123780000e-001) (14, 6.40945672988891600000e-001) (15, 6.86262845993041990000e-001) (16, 7.38313198089599610000e-001) (17, 6.19523286819458010000e-001) 
